2 6 252
-1.57525 -0.218559 -0.706617 0.689526 0.810225 -0.720134 
-1.13623 -1.22746 -1.74259 -0.612896 -0.90826 -0.720134 
0.290595 0.341945 -0.764172 0.559284 -0.90826 -0.720134 
-1.57525 0.061693 -0.91765 -0.87338 -0.90826 -0.720134 
-2.23379 -0.666961 -1.12868 0.95001 -0.90826 -0.720134 
-0.697207 0.00564265 0.386914 0.429042 -0.90826 -0.720134 
0.180839 0.341945 -1.12868 -0.178755 -0.564563 -0.720134 
1.16864 1.46295 -0.438031 -0.612896 1.068 -0.720134 
-0.36794 -0.779062 1.42289 0.863182 -0.736411 -0.720134 
-0.148428 -1.45167 1.11594 0.168557 -0.90826 -0.720134 
-1.13623 -1.67587 -0.821726 -0.178755 1.66947 -0.720134 
-0.258184 0.454045 -0.4764 -1.78508 -0.90826 -0.720134 
0.0710835 -0.779062 -1.1095 0.429042 0.724301 -0.720134 
-1.13623 -1.05931 0.175882 1.42756 -0.90826 -0.720134 
-1.24599 0.341945 -0.303737 1.21049 -0.90826 -0.720134 
1.38815 -0.891163 0.502023 -0.048513 -0.0490172 0.347527 
-1.24599 -1.45167 -2.10711 0.993424 -0.392714 -0.720134 
0.180839 -0.779062 1.97925 0.472456 -0.392714 -0.720134 
1.16864 0.678247 0.521208 -0.00509897 -0.90826 0.347527 
0.0710835 -0.779062 -0.207813 0.73294 -0.90826 -0.720134 
-0.587451 -1.33957 0.0607732 0.298799 -0.90826 -0.720134 
-0.806963 -0.218559 0.463653 -0.569482 -0.736411 -0.720134 
-2.01428 -0.779062 -0.687433 0.776354 -0.90826 -0.720134 
-0.36794 1.01455 0.904903 1.12367 0.122831 -0.720134 
-1.24599 -0.891163 -0.169444 -0.135341 -0.650487 0.347527 
-1.4655 0.341945 -0.4764 1.12367 -0.90826 -0.720134 
0.400351 0.902448 -0.744987 0.211971 0.466528 -0.720134 
-1.02647 0.454045 -1.41645 0.342213 0.29468 -0.720134 
2.2662 0.341945 -1.03276 -1.568 0.0369071 -0.720134 
-1.57525 -1.22746 0.32936 0.863182 -0.90826 -0.720134 
-0.148428 0.061693 1.02001 0.776354 -0.90826 -0.720134 
-0.587451 -0.274609 -1.05194 0.472456 -0.90826 -0.720134 
-0.477696 -0.218559 0.0991427 -0.135341 -0.478638 -0.720134 
0.180839 0.902448 -1.58912 0.95001 0.466528 -0.720134 
0.94913 -1.33957 -0.764172 -0.352411 0.638377 -0.720134 
-1.24599 -0.779062 0.233436 0.906596 -0.90826 -0.720134 
-1.35574 -1.33957 -0.764172 0.385627 -0.90826 -0.720134 
-0.36794 2.13556 -0.994389 0.429042 -0.478638 -0.720134 
-0.258184 0.229844 -0.322922 0.342213 -0.90826 -0.720134 
-0.806963 -0.218559 -0.11189 1.21049 -0.736411 -0.720134 
-2.01428 -0.218559 -0.0159658 1.51439 2.09909 -0.720134 
0.290595 0.902448 0.617131 0.429042 -0.0490172 -0.720134 
-1.13623 0.229844 -0.284553 -0.00509897 -0.736411 -0.720134 
0.0710835 0.341945 0.828164 0.0383151 0.208756 -0.720134 
-1.4655 -0.779062 -0.802541 0.906596 -0.90826 -0.720134 
-0.36794 -0.891163 -1.24379 1.64463 -0.90826 -0.720134 
-0.148428 -1.45167 0.310175 0.646112 -0.90826 -0.720134 
1.16864 0.902448 -0.4764 -1.65483 1.32577 -0.720134 
0.180839 -1.33957 -0.956019 -1.13386 0.380604 -0.720134 
-1.35574 -0.666961 -0.725802 0.559284 -0.736411 -0.720134 
-1.79477 -2.23637 -0.994389 1.16708 -0.90826 -0.720134 
1.16864 -0.779062 0.981642 -0.048513 -0.564563 -0.720134 
-0.587451 -0.779062 -0.131074 0.429042 0.0369071 -0.720134 
-1.35574 -0.218559 1.23104 0.429042 0.724301 0.347527 
0.290595 -1.61982 -0.207813 0.0817291 -0.392714 -0.720134 
-0.148428 1.46295 -0.956019 0.472456 -0.90826 0.347527 
0.510107 -1.78797 1.2886 0.342213 -0.90826 0.347527 
-1.02647 -1.61982 -0.898465 0.863182 -0.90826 -0.720134 
0.94913 0.341945 1.19267 -0.829966 -0.736411 -0.720134 
-0.477696 0.341945 0.195067 1.47098 -0.90826 -0.720134 
-0.148428 0.902448 -0.361292 0.559284 0.466528 -0.720134 
-1.13623 -0.218559 -0.322922 0.993424 -0.392714 -0.720134 
0.510107 0.902448 -0.207813 0.819768 -0.134941 -0.720134 
0.839374 0.341945 -1.07113 1.16708 -0.90826 1.41519 
-1.24599 -0.779062 -0.4764 0.73294 -0.90826 -0.720134 
-0.477696 -0.49881 -0.725802 -1.17728 0.29468 0.347527 
-1.4655 -1.78797 0.271806 -1.30752 -0.392714 -0.720134 
-1.35574 0.902448 -0.0735201 0.819768 0.380604 -0.720134 
-1.24599 -0.218559 -0.342107 1.16708 -0.564563 -0.720134 
-0.148428 -0.49881 0.425284 -0.00509897 -0.478638 0.347527 
-0.0386723 -0.218559 0.214251 0.125143 -0.90826 -0.720134 
0.729618 -0.554861 -0.802541 0.472456 -0.90826 -0.720134 
0.180839 -0.106458 -0.840911 0.689526 -0.90826 -0.720134 
-2.89232 -0.218559 -0.898465 2.1656 -0.90826 -0.720134 
0.94913 -0.218559 1.00083 -1.30752 0.810225 1.41519 
-1.79477 0.229844 -0.591509 -0.00509897 -0.90826 -0.720134 
0.839374 0.622196 -0.342107 -0.0919271 1.068 -0.720134 
-0.148428 -0.779062 0.137512 -0.222169 -0.564563 -0.720134 
-2.34354 -0.891163 -0.783356 1.73146 -0.30679 -0.720134 
-0.148428 -1.33957 -0.706617 0.255385 0.466528 -0.720134 
0.0710835 -0.218559 -0.572324 0.472456 -0.90826 -0.720134 
-2.23379 0.229844 -1.30135 1.29732 0.29468 -0.720134 
0.290595 -0.218559 -1.03276 -0.916794 -0.392714 -0.720134 
0.839374 0.061693 0.0224037 0.863182 -0.90826 -0.720134 
-1.35574 -1.05931 1.00083 1.25391 0.122831 -0.720134 
-1.57525 -0.779062 -1.80015 1.29732 -0.90826 -0.720134 
0.180839 0.902448 -2.39488 0.906596 -0.736411 0.347527 
0.0710835 -0.779062 -0.284553 1.12367 -0.220866 -0.720134 
-1.24599 -0.218559 -0.610694 1.55781 -0.90826 -0.720134 
-0.916719 0.229844 0.118328 0.168557 -0.90826 -0.720134 
0.400351 2.47186 0.367729 -0.308997 2.70056 -0.720134 
0.510107 -0.779062 -1.39727 -2.43629 -0.90826 -0.720134 
2.04669 -0.779062 0.348545 -1.35093 -0.736411 0.347527 
0.729618 -0.218559 -0.380476 -0.265583 0.638377 2.48285 
-0.258184 -0.218559 -0.0927049 0.906596 -0.90826 2.48285 
0.400351 0.229844 0.386914 1.29732 -0.90826 -0.720134 
-0.477696 -0.49881 -0.11189 0.602698 1.15392 -0.720134 
1.05889 1.1827 0.348545 -0.178755 -0.220866 -0.720134 
0.400351 0.061693 -0.322922 0.385627 -0.478638 -0.720134 
1.2784 -1.05931 6.00805 0.342213 0.466528 -0.720134 
-1.68501 0.341945 -0.994389 1.12367 0.29468 -0.720134 
1.2784 1.01455 0.502023 0.863182 -0.90826 0.347527 
0.180839 -0.330659 1.00083 0.298799 -0.90826 0.347527 
-1.4655 0.790347 -0.131074 1.12367 -0.220866 1.41519 
-0.916719 -0.218559 0.0415885 1.16708 -0.90826 -0.720134 
1.60766 1.23875 -0.11189 -0.395825 -0.90826 -0.720134 
-0.806963 -0.666961 -0.553139 1.47098 -0.90826 -0.720134 
-0.806963 -0.554861 0.079958 0.993424 -0.90826 1.41519 
-0.148428 0.341945 -0.226998 0.342213 0.122831 -0.720134 
-1.57525 -0.44276 1.05838 0.472456 -0.90826 -0.720134 
0.400351 0.341945 -0.572324 0.51587 -0.90826 -0.720134 
-0.477696 -0.779062 0.847349 0.211971 -0.392714 -0.720134 
-0.0386723 0.061693 -0.0159658 0.385627 0.29468 -0.720134 
-0.36794 -1.45167 -0.342107 -0.222169 -0.822335 2.48285 
-0.587451 -0.779062 -0.610694 0.255385 0.466528 -0.720134 
-0.477696 0.341945 1.09675 -0.439239 0.380604 0.347527 
0.94913 2.02345 -0.457215 0.125143 -0.392714 -0.720134 
1.71742 -1.22746 -1.95363 -1.17728 0.466528 -0.720134 
-1.79477 0.341945 1.34615 1.29732 -0.90826 -0.720134 
1.49791 0.341945 -0.226998 -0.048513 0.638377 1.41519 
-0.258184 -0.218559 0.252621 -0.395825 -0.564563 -0.720134 
1.05889 1.46295 2.09436 -0.048513 -0.220866 -0.720134 
-0.477696 -1.90007 -0.553139 -0.395825 0.122831 -0.720134 
1.05889 0.341945 3.18789 0.211971 -0.220866 0.347527 
-0.0386723 -0.106458 1.74903 0.602698 0.122831 -0.720134 
-0.36794 -0.330659 -0.87928 1.38415 -0.90826 -0.720134 
-0.36794 0.117743 -1.05194 0.73294 -0.822335 -0.720134 
0.619862 0.902448 -0.150259 -0.65631 -0.0490172 -0.720134 
-1.24599 -0.779062 -0.591509 0.776354 -0.90826 -0.720134 
1.71742 -1.33957 0.271806 -0.960208 -0.90826 0.347527 
-1.57525 -1.61982 -1.01357 0.689526 -0.90826 0.347527 
-0.697207 -0.218559 0.29099 0.819768 -0.392714 -0.720134 
0.94913 -0.330659 0.233436 -2.04556 -0.736411 0.347527 
-0.36794 0.00564265 -0.956019 0.255385 -0.220866 0.347527 
-1.02647 -1.84402 -1.03276 0.168557 -0.90826 -0.720134 
0.729618 -0.330659 -0.821726 -0.526068 -0.90826 -0.720134 
-0.258184 0.341945 -0.91765 0.125143 1.75539 -0.720134 
1.16864 -1.22746 -0.744987 -0.87338 -0.822335 0.347527 
1.49791 0.341945 0.0607732 -0.265583 0.810225 2.48285 
-0.587451 0.341945 -0.342107 0.472456 -0.392714 0.347527 
-2.23379 -0.44276 0.597947 0.168557 -0.90826 -0.720134 
-1.13623 -1.33957 0.252621 -0.87338 0.122831 -0.720134 
0.290595 -0.49881 0.943272 0.819768 -0.90826 1.41519 
0.510107 -0.947213 -0.399661 0.342213 0.29468 1.41519 
-0.0386723 -0.330659 -0.87928 -0.960208 0.810225 0.347527 
1.2784 -0.779062 -0.265368 -3.52164 -0.0490172 -0.720134 
-1.24599 -1.33957 -1.03276 1.08025 -0.90826 0.347527 
0.619862 0.00564265 -0.322922 -0.308997 1.32577 1.41519 
0.619862 0.790347 -0.91765 0.385627 -0.90826 0.347527 
1.16864 1.46295 -0.0927049 -1.39435 -0.90826 2.48285 
1.60766 -0.218559 1.36534 -1.8719 1.15392 2.48285 
-1.24599 -0.779062 -1.56993 -0.352411 1.49762 -0.720134 
0.290595 -1.11536 1.2886 -0.526068 2.87241 2.48285 
0.729618 -0.218559 0.233436 -2.39287 0.122831 0.347527 
1.05889 0.902448 -0.495585 -1.65483 -0.0490172 2.48285 
0.290595 -0.779062 0.636316 0.342213 0.638377 -0.720134 
0.729618 -0.779062 0.310175 -2.30604 0.638377 1.41519 
-0.806963 -0.218559 0.0991427 -0.0919271 -0.90826 1.41519 
-0.587451 0.566146 -0.975204 -1.13386 -0.134941 -0.720134 
-0.477696 -0.218559 1.0392 -0.439239 0.122831 -0.720134 
-0.0386723 2.58396 1.46126 -1.52459 2.01316 -0.720134 
0.619862 0.341945 -0.840911 -0.612896 0.724301 0.347527 
-0.587451 0.902448 -0.150259 -1.04704 1.32577 -0.720134 
0.400351 2.02345 0.713055 0.298799 -0.736411 -0.720134 
-0.148428 -1.33957 -0.860096 -1.91532 -0.90826 0.347527 
0.180839 -0.554861 0.195067 -0.482654 -0.650487 -0.720134 
-0.916719 -1.45167 -0.150259 -0.00509897 -0.90826 -0.720134 
0.180839 0.902448 0.482838 -1.74166 -0.392714 0.347527 
0.0710835 3.70496 0.713055 -0.829966 2.52871 1.41519 
0.290595 -0.330659 0.156697 -0.960208 1.66947 1.41519 
0.290595 2.02345 -0.495585 -0.265583 1.49762 1.41519 
0.290595 -0.106458 -0.51477 0.906596 1.84132 1.41519 
0.510107 -0.218559 0.0415885 -0.352411 0.29468 0.347527 
1.05889 -1.33957 -0.0543354 0.255385 -0.392714 1.41519 
-1.35574 -0.779062 -1.41645 -1.39435 1.23985 -0.720134 
0.400351 2.02345 1.44208 -0.526068 2.01316 -0.720134 
0.94913 -0.779062 -0.0927049 -2.43629 0.982074 0.347527 
1.2784 -0.779062 -0.418846 -1.00362 1.32577 1.41519 
0.839374 -0.218559 1.51882 -0.87338 0.638377 2.48285 
0.180839 -0.218559 -0.284553 0.95001 -0.90826 0.347527 
-0.806963 -1.33957 -0.418846 0.689526 -0.0490172 -0.720134 
-0.148428 -0.554861 0.29099 -1.8719 0.982074 0.347527 
1.60766 1.46295 0.348545 -1.74166 1.58354 0.347527 
0.290595 0.678247 -0.629878 -2.04556 0.810225 0.347527 
-1.68501 -1.33957 -1.6083 -1.65483 0.810225 -0.720134 
0.510107 0.341945 -1.26298 0.125143 1.66947 -0.720134 
0.729618 0.902448 -0.131074 0.0817291 0.29468 -0.720134 
0.180839 1.01455 0.444469 -2.7836 0.122831 0.347527 
0.180839 1.12665 -0.361292 0.51587 -0.90826 0.347527 
-0.36794 -0.330659 0.079958 0.385627 -0.90826 0.347527 
-1.02647 0.341945 1.1543 -1.39435 0.638377 1.41519 
0.290595 0.117743 1.30778 -0.00509897 -0.90826 1.41519 
2.37596 -0.49881 1.02001 0.429042 -0.90826 2.48285 
-0.477696 0.341945 0.924088 0.906596 0.466528 -0.720134 
0.729618 -0.779062 0.578762 -2.13239 0.29468 0.347527 
1.05889 0.229844 0.597947 0.95001 0.29468 0.347527 
-1.90452 -0.779062 -0.380476 1.29732 2.35686 -0.720134 
-1.68501 1.01455 -0.533955 1.25391 -0.90826 -0.720134 
1.38815 2.58396 0.444469 -0.0919271 0.466528 -0.720134 
0.180839 -0.218559 -2.29895 -1.61142 0.122831 0.347527 
0.400351 -0.44276 -0.629878 -0.786552 0.982074 0.347527 
0.729618 0.341945 0.32936 0.342213 2.18501 1.41519 
1.2784 1.46295 0.674686 -1.91532 0.380604 2.48285 
0.400351 1.68715 -1.43564 -2.69677 -0.0490172 1.41519 
-1.24599 -1.22746 0.751425 0.0383151 -0.90826 0.347527 
0.510107 0.341945 0.808979 0.776354 0.122831 1.41519 
-1.35574 -0.106458 1.72985 -0.699724 1.66947 -0.720134 
-0.697207 -0.891163 -1.95363 -1.13386 -0.220866 2.48285 
1.16864 2.47186 -0.438031 0.559284 -0.0490172 1.41519 
1.2784 -1.90007 0.924088 -1.17728 -0.134941 1.41519 
0.180839 1.7432 0.73224 -1.22069 -0.0490172 2.48285 
0.0710835 0.00564265 3.03441 -0.0919271 0.724301 1.41519 
1.05889 0.061693 0.0607732 -1.09045 1.49762 0.347527 
0.619862 -0.218559 1.51882 0.73294 -0.90826 -0.720134 
0.94913 -0.49881 1.11594 -0.916794 0.638377 -0.720134 
0.510107 0.622196 0.597947 -0.439239 1.49762 1.41519 
1.2784 1.01455 -0.744987 -0.0919271 -0.220866 -0.720134 
0.400351 0.00564265 -0.898465 0.429042 -0.220866 1.41519 
0.0710835 -0.218559 0.617131 -2.13239 0.466528 -0.720134 
-0.148428 3.25656 0.617131 1.86171 -0.90826 0.347527 
-0.916719 -1.33957 0.463653 -1.48118 -0.0490172 0.347527 
-0.806963 -0.554861 0.444469 0.602698 -0.478638 -0.720134 
0.0710835 -0.106458 -1.28216 -2.04556 0.896149 0.347527 
-0.697207 -0.779062 -1.20542 -0.569482 0.810225 2.48285 
0.839374 -0.218559 0.0607732 -0.222169 0.29468 0.347527 
0.729618 1.46295 -1.66586 -0.308997 4.41904 2.48285 
0.290595 -1.22746 -0.399661 0.559284 1.23985 0.347527 
-0.36794 -0.49881 -0.744987 0.689526 -0.0490172 1.41519 
0.619862 0.622196 1.07757 -0.265583 -0.0490172 -0.720134 
0.0710835 -0.49881 -0.0351506 -0.352411 0.122831 0.347527 
-0.258184 -0.610911 0.597947 -2.4797 0.810225 1.41519 
0.94913 0.622196 -0.744987 -0.87338 0.810225 1.41519 
0.180839 -1.33957 1.61474 -0.395825 1.66947 0.347527 
-0.477696 0.341945 0.904903 -1.30752 2.70056 2.48285 
0.619862 0.229844 -1.62749 -1.17728 2.18501 0.347527 
0.619862 -0.779062 0.175882 -0.526068 2.18501 0.347527 
-0.0386723 -0.106458 1.96006 -0.87338 0.122831 0.347527 
-1.02647 0.902448 -0.380476 -0.222169 2.18501 -0.720134 
-0.0386723 1.46295 0.73224 -0.308997 -0.220866 0.347527 
-1.13623 0.454045 1.11594 -0.222169 -0.90826 2.48285 
-0.148428 -0.779062 -1.20542 -1.69825 0.29468 0.347527 
-2.23379 -0.779062 -1.01357 -0.960208 0.466528 -0.720134 
0.839374 0.902448 2.99604 0.0817291 2.52871 2.48285 
0.94913 0.341945 1.61474 0.255385 -0.90826 -0.720134 
-0.36794 -1.22746 -0.399661 0.342213 -0.90826 0.347527 
0.400351 0.341945 -1.41645 0.429042 -0.90826 0.347527 
-1.57525 -1.33957 -1.51238 0.255385 -0.90826 -0.720134 
-1.79477 -0.891163 -0.610694 -0.526068 0.122831 -0.720134 
0.290595 0.902448 0.367729 -1.78508 -0.220866 -0.720134 
-0.148428 -1.33957 -0.226998 -1.13386 1.49762 0.347527 
0.400351 1.46295 0.425284 -1.17728 -0.90826 -0.720134 
1.2784 -0.49881 0.0607732 0.472456 -0.736411 1.41519 
1
1
1
1
1
1
1
1
1
1
1
1
1
1
1
1
1
1
1
1
1
1
1
1
1
1
1
1
1
1
1
1
1
1
1
1
1
1
1
1
1
1
1
1
1
1
1
1
1
1
1
1
1
1
1
1
1
1
1
1
1
1
1
1
1
1
1
1
1
1
1
1
1
1
1
1
1
1
1
1
1
1
1
1
1
1
1
1
1
1
1
1
1
1
1
1
1
1
1
1
1
1
1
1
1
1
1
1
1
1
1
1
1
1
1
1
1
1
1
1
1
1
1
1
1
1
1
1
1
1
1
1
1
1
1
1
2
2
2
2
2
2
2
2
2
2
2
2
2
2
2
2
2
2
2
2
2
2
2
2
2
2
2
2
2
2
2
2
2
2
2
2
2
2
2
2
2
2
2
2
2
2
2
2
2
2
2
2
2
2
2
2
2
2
2
2
2
2
2
2
2
2
2
2
2
2
2
2
2
2
2
2
2
2
2
2
2
2
2
2
2
2
2
2
2
2
2
2
2
2
2
2
2
2
2
2
2
2
2
2
2
2
2
2
2
2
2
2
2
2
2
2
