2 6 45
-0.916719 -1.22746 -0.898465 -0.395825 -0.822335 -0.720134 
-1.57525 -1.33957 -0.303737 0.0383151 -0.90826 -0.720134 
-2.34354 -0.891163 -1.32053 0.95001 -0.90826 -0.720134 
0.729618 0.341945 2.74664 0.211971 0.122831 -0.720134 
-0.477696 -1.33957 -1.45482 -1.26411 -0.392714 -0.720134 
-0.697207 -0.218559 0.348545 0.472456 -0.90826 -0.720134 
-1.57525 -0.218559 -0.898465 0.863182 0.29468 -0.720134 
-1.4655 -0.779062 0.847349 0.429042 -0.90826 -0.720134 
-1.02647 0.229844 -0.150259 -0.00509897 -0.90826 -0.720134 
1.71742 1.46295 0.981642 0.429042 -0.564563 1.41519 
-0.148428 -0.106458 0.713055 0.298799 -0.90826 0.347527 
1.05889 -0.779062 -1.41645 -0.526068 -0.564563 -0.720134 
-1.4655 -0.218559 -1.3589 -0.0919271 -0.90826 -0.720134 
-1.4655 -0.779062 -0.207813 1.81829 -0.220866 -0.720134 
-0.477696 -2.23637 -0.457215 0.0817291 -0.90826 0.347527 
1.49791 1.46295 -0.322922 -0.916794 -0.822335 0.347527 
0.290595 -0.779062 1.71066 0.863182 -0.90826 -0.720134 
1.2784 -1.56377 -0.533955 -0.439239 -0.650487 1.41519 
0.94913 2.58396 1.42289 0.0817291 -0.90826 -0.720134 
-1.13623 -0.330659 1.09675 0.776354 -0.90826 -0.720134 
-0.258184 -0.218559 -1.03276 -0.00509897 0.122831 -0.720134 
0.290595 -1.90007 -0.0543354 -1.30752 -0.0490172 -0.720134 
-1.57525 -1.22746 -0.0159658 1.16708 -0.90826 -0.720134 
1.38815 -0.779062 -0.764172 -1.61142 0.380604 -0.720134 
0.839374 0.341945 -1.22461 -0.352411 2.52871 1.41519 
-1.4655 0.117743 1.23104 -1.17728 0.638377 -0.720134 
0.180839 0.341945 -0.188629 -1.26411 -0.736411 -0.720134 
0.400351 -1.33957 -0.226998 -0.439239 0.122831 0.347527 
0.839374 -0.554861 -1.03276 -0.699724 -0.90826 -0.720134 
0.400351 2.24766 -0.0351506 -0.395825 -0.90826 -0.720134 
-1.02647 -0.779062 -0.0351506 -0.352411 -0.220866 -0.720134 
0.180839 -0.330659 -0.418846 -0.0919271 -0.564563 0.347527 
0.510107 1.35085 1.0392 0.385627 -0.90826 -0.720134 
0.729618 0.229844 0.828164 -2.00215 0.724301 2.48285 
0.510107 -0.49881 0.137512 -0.482654 1.49762 0.347527 
1.38815 0.566146 -1.1095 -0.482654 2.01316 1.41519 
0.0710835 -0.218559 0.0991427 -0.439239 -0.392714 0.347527 
-0.0386723 0.341945 -0.649063 -1.78508 3.9035 -0.720134 
0.290595 -0.330659 -0.668248 -0.916794 0.982074 2.48285 
0.510107 -0.218559 -0.860096 -0.87338 1.15392 1.41519 
1.60766 0.622196 -1.47401 -1.17728 1.32577 -0.720134 
0.510107 0.902448 0.137512 0.211971 1.32577 1.41519 
0.839374 -1.45167 0.348545 0.73294 0.638377 1.41519 
0.290595 -1.90007 -0.322922 0.168557 -0.822335 0.347527 
-0.148428 -0.666961 0.674686 -1.568 1.84132 1.41519 
1
1
1
1
1
1
1
1
1
1
1
1
1
1
1
1
1
1
1
1
1
1
1
1
2
2
2
2
2
2
2
2
2
2
2
2
2
2
2
2
2
2
2
2
2
0.122505335647247179386987 0.339179262793440905454645 -0.309031366512323713013899 -0.170997395864727230740954 0.831924677740298990080703 -0.684479819789935217677623 -1.153135940473124509964009 